1
5
7
8
10
11
12
13
15
16
17
18
20
21
22
23
24
26
28
29
30
32
33
36
39
40
41
43
48
50
52
1081
56
57
61
62
65
66
67
70
73
77
78
79
1083
1086
81
82
84
86
101
105
108
112
116
117
118
123
124
125
1095
1096
1097
1098
1101
127
128
132
133
137
139
142
146
148
151
152
154
162
163
170
171
172
175
180
181
188
189
190
195
197
202
1103
203
206
208
220
221
222
223
224
226
227
233
1106
1107
1108
1110
1112
1104
241
c1002
242
243
244
248
250
251
1115
255
265
266
1119
1121
1113
1116
1117
267

268
271
272
273
277
278
279
1122
284
286
288

296
298
299
300
1131
302
303
305
306
1125
308
309
310
313
322
324
325
c255

333
340
1128
c242
c229
348
1074
350
373
1133
382
389
390
395
396
398
399
403
405
412
426
430
1134
431
433
436
437
438
439
441
445
446
c339
449
463
472
473
474
475
481
482
483
487
488
490
491
1141
493
1142
495
496
497
498
499
500
501
502
503
505
507
508
c377
1191
1193
509
1143
1145
1146
1148
1149
1150
1151
510
c392
c393
513
514
522
535
536
537
538
539
540
1187
1164
1167
1168
1170
1178
1179
1180
1181
541
542
546 
548
549
551
554
556
c418
561
563
564
1162
1163
569
583
589
591
593
594
595
1025
1152
1153
1154
1159
1171
1173
1174
1175
600
602
1195
1196
608
609
610
611
612
1198
618
622
626
630
631
639
640
c476





